8.856720559811916971e-01 1.143279440188082752e-01
9.151429783347372338e-01 8.485702166526276624e-02
4.516050397415818374e-01 5.483949602584181626e-01
5.089446556204108019e-01 4.910553443795891981e-01
7.455615456266592167e-01 2.544384543733407833e-01
1.701254034289432227e-01 8.298745965710567773e-01
3.228634940405290532e-01 6.771365059594709468e-01
1.994434849529714837e-01 8.005565150470285163e-01
9.671450213300407661e-01 3.285497866995917837e-02
6.898391139233563951e-01 3.101608860766435494e-01
4.731760634079339445e-01 5.268239365920660555e-01
7.716812960706390667e-01 2.283187039293609055e-01
5.905733781951186812e-01 4.094266218048813188e-01
7.285674122441043732e-01 2.714325877558956823e-01
7.506737911956262721e-02 9.249326208804373728e-01
4.783842472060588769e-01 5.216157527939411231e-01
7.857418590300158101e-02 9.214258140969984190e-01
6.287259020698499068e-01 3.712740979301501487e-01
7.400027681308866123e-01 2.599972318691133877e-01
4.475138929622137773e-01 5.524861070377862227e-01
9.437250261212353220e-01 5.627497387876470580e-02
5.560475947658825024e-01 4.439524052341174420e-01
6.244430563211589291e-01 3.755569436788410154e-01
4.919906021014814890e-01 5.080093978985185110e-01
7.866013792619371836e-01 2.133986207380628441e-01
1.407403027088356406e-01 8.592596972911643594e-01
2.167544609568052838e-01 7.832455390431947162e-01
7.383948479416625466e-01 2.616051520583374534e-01
3.726229835218264341e-01 6.273770164781735659e-01
4.307582594923404784e-01 5.692417405076595216e-01
7.531094973661620617e-01 2.468905026338379938e-01
5.035120892547162441e-01 4.964879107452837004e-01
8.422021169396262108e-01 1.577978830603737614e-01
5.822750642495613249e-01 4.177249357504386751e-01
7.106633803873088073e-01 2.893366196126912482e-01
4.914576016390488356e-01 5.085423983609511644e-01
2.142234615855793667e-01 7.857765384144206333e-01
8.153971609485983763e-01 1.846028390514016237e-01
8.530909154050729803e-01 1.469090845949270474e-01
6.712150848086427812e-01 3.287849151913572188e-01
6.683444860810647814e-01 3.316555139189352186e-01
5.446974511177298250e-01 4.553025488822701194e-01
5.234434737667372772e-01 4.765565262332627783e-01
9.213697407741163747e-01 7.863025922588356975e-02
3.557458576144845175e-02 9.644254142385515483e-01
4.497585901824402432e-01 5.502414098175597568e-01
5.406778882846411394e-01 4.593221117153588606e-01
9.632590388649160396e-01 3.674096113508400901e-02
2.171497502699697435e-01 7.828502497300302565e-01
9.140825946205712871e-01 8.591740537942869904e-02
8.369100737207328944e-01 1.630899262792671056e-01
6.974524892646642993e-01 3.025475107353357007e-01
3.091442904823127336e-01 6.908557095176872664e-01
2.756890994469899381e-01 7.243109005530100619e-01
3.188871031793645283e-01 6.811128968206354717e-01
2.078212715029628121e-01 7.921787284970371879e-01
6.555829078545727384e-01 3.444170921454273171e-01
5.577142282717305610e-01 4.422857717282694390e-01
6.226235569955482774e-01 3.773764430044516671e-01
1.258831758317899840e-01 8.741168241682100160e-01
8.618353520310474414e-01 1.381646479689525586e-01
8.585617167412893380e-01 1.414382832587106065e-01
8.581424650049637171e-01 1.418575349950363107e-01
1.815821352985808046e-01 8.184178647014191954e-01
6.072144091537745592e-01 3.927855908462254408e-01
3.209311887504916472e-01 6.790688112495083528e-01
6.773056325782070841e-01 3.226943674217929159e-01
8.721868595661106394e-01 1.278131404338893051e-01
2.055000404473854569e-01 7.944999595526145431e-01
8.621457119252255996e-01 1.378542880747743449e-01
5.566345991823029582e-01 4.433654008176969863e-01
6.485062436024191523e-01 3.514937563975807922e-01
3.280809510236737392e-02 9.671919048976326261e-01
7.360589381995333857e-01 2.639410618004666143e-01
6.485611847576774336e-01 3.514388152423225664e-01
7.751677770252296540e-02 9.224832222974770346e-01
7.376247739711527807e-01 2.623752260288471638e-01
7.048901538388272492e-01 2.951098461611726953e-01
3.394552781609047054e-01 6.605447218390952946e-01
3.420030409837838681e-01 6.579969590162161319e-01
3.053344238090712759e-01 6.946655761909287241e-01
7.214254542131051107e-01 2.785745457868948893e-01
5.322732758318838853e-01 4.677267241681161147e-01
3.170688572848004982e-01 6.829311427151995018e-01
6.631751505738858743e-01 3.368248494261141257e-01
8.734175159401502686e-02 9.126582484059849731e-01
5.695662626265799444e-01 4.304337373734200556e-01
5.178103076847855313e-01 4.821896923152145242e-01
6.558460962479496503e-01 3.441539037520503497e-01
4.873699378874906118e-01 5.126300621125093882e-01
7.905662181479617967e-01 2.094337818520381755e-01
3.457350393983719128e-01 6.542649606016280872e-01
4.252172714582234114e-01 5.747827285417765886e-01
4.105466110470162855e-01 5.894533889529837145e-01
2.743730778257025271e-01 7.256269221742974729e-01
6.156526538148998640e-01 3.843473461851001916e-01
8.023443267848747729e-01 1.976556732151251994e-01
6.967891605066264260e-01 3.032108394933735740e-01
4.299099578991028014e-01 5.700900421008971986e-01
1.644576568796678462e-01 8.355423431203321538e-01
7.546523377435737645e-01 2.453476622564262632e-01
4.091274136143182583e-01 5.908725863856817417e-01
9.263751049814596961e-01 7.362489501854027618e-02
6.016779006956718412e-01 3.983220993043281588e-01
2.622974341775975438e-01 7.377025658224024562e-01
7.967562339661260484e-01 2.032437660338739238e-01
2.321594025503629366e-01 7.678405974496370634e-01
3.631370347428948264e-01 6.368629652571051736e-01
7.212223730742772787e-02 9.278777626925722721e-01
8.037181779229575218e-01 1.962818220770424504e-01
5.305839086470309773e-01 4.694160913529690227e-01
1.451587010476746986e-01 8.548412989523253014e-01
4.856103236773609000e-01 5.143896763226391000e-01
6.805928049022320625e-01 3.194071950977679375e-01
3.134555902155191642e-01 6.865444097844808358e-01
8.974106421959480162e-01 1.025893578040519977e-01
3.300104140786747076e-01 6.699895859213252924e-01
5.296594202145514796e-01 4.703405797854484649e-01
4.600484561779003556e-01 5.399515438220996444e-01
2.055508032876207647e-01 7.944491967123792353e-01
8.553702689256722502e-01 1.446297310743277220e-01
5.867742573532878092e-01 4.132257426467121908e-01
9.826342733603958823e-01 1.736572663960410032e-02
4.469187170077171256e-01 5.530812829922828744e-01
6.327879645997772640e-01 3.672120354002227360e-01
1.456014838018420132e-01 8.543985161981579868e-01
6.557073277402252209e-01 3.442926722597748346e-01
4.609209096743436262e-01 5.390790903256563738e-01
3.782127922637695816e-01 6.217872077362304184e-01
3.171207375507663073e-01 6.828792624492336927e-01
8.605323055968649992e-01 1.394676944031350285e-01
3.515675264132753775e-01 6.484324735867246225e-01
7.035006355400637013e-01 2.964993644599362987e-01
5.709578970200572812e-01 4.290421029799427743e-01
7.133938458393707105e-01 2.866061541606293450e-01
8.444683184716167412e-01 1.555316815283832588e-01
7.568318676510286114e-01 2.431681323489714164e-01
8.430924914464118514e-01 1.569075085535881209e-01
5.137704962053997182e-01 4.862295037946002818e-01
7.037614538719485502e-01 2.962385461280513943e-01
2.035505601679807874e-01 7.964494398320192126e-01
1.340526885908968069e-01 8.659473114091031931e-01
6.478540740616627325e-01 3.521459259383373230e-01
7.757394874632917992e-01 2.242605125367081731e-01
9.627004693275127423e-01 3.729953067248727855e-02
4.028303043190262223e-01 5.971696956809737777e-01
3.540118389763206030e-01 6.459881610236793970e-01
4.163081212009305254e-01 5.836918787990694746e-01
6.866406637202018270e-01 3.133593362797981174e-01
7.521312027455526739e-01 2.478687972544472984e-01
3.384237480440700496e-01 6.615762519559299504e-01
4.320000547670550528e-01 5.679999452329449472e-01
8.954996683729921081e-01 1.045003316270079058e-01
4.946730113328794420e-01 5.053269886671205580e-01
6.022328791712958651e-01 3.977671208287040794e-01
4.337190944693973815e-01 5.662809055306026185e-01
5.877413422124437847e-01 4.122586577875562708e-01
2.002581801614692347e-01 7.997418198385307653e-01
3.969372675279967400e-01 6.030627324720032600e-01
4.419232106017265682e-01 5.580767893982734318e-01
4.204821760851221724e-01 5.795178239148778276e-01
1.984833971385306928e-01 8.015166028614693072e-01
7.245334680939138350e-01 2.754665319060861650e-01
5.131466489453254676e-01 4.868533510546745324e-01
6.978169599962615877e-01 3.021830400037384678e-01
8.085150482451227694e-01 1.914849517548772584e-01
8.387922755009206144e-01 1.612077244990794134e-01
3.676724885522540953e-01 6.323275114477459047e-01
8.810177970999764074e-01 1.189822029000236342e-01
2.424269579808873143e-01 7.575730420191126857e-01
8.007733245854560256e-01 1.992266754145439189e-01
8.426155827547241461e-01 1.573844172452758261e-01
5.509541651135183571e-01 4.490458348864815874e-01
4.679610019939054455e-01 5.320389980060945545e-01
3.351481280180427236e-01 6.648518719819572764e-01
6.321559440711057576e-01 3.678440559288942979e-01
1.403695607197458228e-01 8.596304392802541772e-01
4.301069359655980140e-01 5.698930640344019860e-01
4.371960293124322883e-01 5.628039706875677117e-01
8.380322631015736379e-01 1.619677368984263344e-01
3.541294916934073500e-01 6.458705083065926500e-01
7.960228371090549704e-01 2.039771628909450296e-01
7.202282077647905734e-01 2.797717922352094821e-01
1.582598676765012424e-01 8.417401323234987576e-01
2.990578883457039039e-01 7.009421116542960961e-01
5.129371781634141092e-01 4.870628218365858908e-01
5.149562300815567761e-01 4.850437699184432239e-01
4.520457978841913027e-01 5.479542021158086973e-01
6.679387895616233362e-01 3.320612104383766083e-01
6.930329465241535924e-01 3.069670534758464076e-01
8.175468037924293885e-02 9.182453196207570612e-01
2.485366242131679115e-01 7.514633757868320885e-01
1.269082989134007189e-01 8.730917010865992811e-01
5.991356394859101986e-01 4.008643605140898014e-01
8.231152396527996462e-01 1.768847603472003538e-01
5.590892758376383442e-01 4.409107241623616558e-01
8.416889320019633747e-01 1.583110679980366808e-01
3.061844852416967244e-01 6.938155147583032756e-01
4.762686289987437815e-01 5.237313710012562185e-01
1.667204964911997989e-01 8.332795035088002011e-01
2.232168149584528027e-01 7.767831850415471973e-01
6.879850973034618011e-01 3.120149026965381989e-01
2.061420208883764094e-01 7.938579791116235906e-01
1.817317786049253980e-01 8.182682213950746020e-01
5.010597228572266637e-01 4.989402771427733918e-01
4.032562378776195500e-01 5.967437621223804500e-01
5.080724600335648766e-01 4.919275399664351789e-01
7.368647304868057857e-01 2.631352695131942143e-01
6.197432237282771705e-01 3.802567762717227740e-01
8.426518239475414562e-01 1.573481760524585160e-01
1.037625853181212143e-01 8.962374146818787857e-01
4.135068518226291401e-01 5.864931481773708599e-01
5.816874418465791674e-01 4.183125581534208326e-01
8.476833954472018373e-01 1.523166045527981349e-01
2.884138324563334521e-01 7.115861675436665479e-01
5.699960392380472030e-01 4.300039607619528526e-01
3.231380340748776225e-01 6.768619659251223775e-01
4.402023335055420539e-01 5.597976664944579461e-01
8.755735378472013775e-01 1.244264621527985948e-01
9.454431647195511434e-01 5.455683528044889125e-02
7.720040882060096310e-01 2.279959117939903968e-01
5.870187973464557896e-01 4.129812026535442659e-01
9.215094679956065127e-01 7.849053200439348732e-02
8.805774975806072158e-01 1.194225024193927842e-01
6.004927427921948890e-01 3.995072572078051665e-01
1.456231550789570672e-01 8.543768449210429328e-01
3.894290755386226044e-01 6.105709244613773956e-01
1.336463098560345397e-01 8.663536901439654603e-01
6.766955183936773643e-01 3.233044816063226357e-01
5.549070910723601369e-01 4.450929089276398076e-01
5.087984074894740250e-01 4.912015925105259750e-01
9.112492874897892836e-01 8.875071251021071639e-02
8.094331000949344102e-01 1.905668999050656176e-01
5.681893451256907479e-01 4.318106548743093076e-01
4.444821415121176233e-01 5.555178584878823767e-01
5.495938089570489016e-01 4.504061910429511539e-01
4.696940751872699105e-01 5.303059248127300895e-01
9.704018914043480715e-01 2.959810859565190772e-02
8.853937598903203199e-01 1.146062401096797218e-01
5.303750008784695602e-01 4.696249991215304953e-01
5.349599826649222845e-01 4.650400173350776600e-01
7.630552130600263272e-01 2.369447869399736450e-01
1.989071938229716174e-01 8.010928061770283826e-01
4.059092390700663744e-01 5.940907609299336256e-01
3.743557204652729897e-01 6.256442795347270103e-01
9.344204399151475604e-01 6.557956008485243959e-02
5.477976924791132518e-01 4.522023075208866927e-01
6.332284748670629071e-01 3.667715251329370929e-01
6.536905051206227668e-01 3.463094948793772887e-01
4.181536449117650989e-01 5.818463550882349011e-01
8.262974715272456416e-01 1.737025284727543306e-01
4.746168742382693706e-01 5.253831257617306294e-01
6.385659310159184088e-01 3.614340689840815912e-01
5.524809116283625476e-01 4.475190883716374524e-01
7.380855543535498331e-01 2.619144456464502224e-01
1.417593158211104543e-01 8.582406841788895457e-01
2.541445633279239003e-01 7.458554366720760997e-01
6.688395531141949624e-01 3.311604468858050376e-01
1.803044958540110931e-01 8.196955041459889069e-01
8.406269440462591502e-01 1.593730559537408220e-01
7.584900978139552663e-01 2.415099021860447337e-01
8.922853008606926872e-01 1.077146991393073405e-01
9.804885471213359294e-01 1.951145287866401859e-02
4.034941847897475231e-01 5.965058152102524769e-01
5.028401202242613888e-01 4.971598797757385557e-01
7.516881163095534557e-01 2.483118836904465720e-01
8.130700882809159813e-01 1.869299117190840465e-01
5.515718881097405601e-01 4.484281118902594399e-01
7.794236182934719537e-01 2.205763817065280463e-01
5.588450755969307515e-01 4.411549244030692485e-01
9.743735774387112247e-01 2.562642256128877527e-02
7.639662343033224445e-01 2.360337656966775277e-01
5.840281224423663486e-01 4.159718775576336514e-01
3.459483982345502584e-01 6.540516017654497416e-01
6.690998562969951990e-01 3.309001437030047454e-01
3.301298228428110049e-01 6.698701771571889951e-01
3.945195909049316052e-01 6.054804090950683948e-01
3.759045362846958893e-01 6.240954637153041107e-01
5.835579735387961264e-01 4.164420264612039291e-01
8.749081983114812555e-01 1.250918016885188000e-01
5.639488829901142530e-01 4.360511170098857470e-01
6.324241134976626988e-01 3.675758865023373567e-01
7.720239685574166177e-01 2.279760314425834378e-01
6.247899206383631387e-01 3.752100793616368057e-01
9.004970499240129156e-01 9.950295007598708441e-02
7.624588177181630400e-01 2.375411822818369600e-01
4.643111005110898137e-01 5.356888994889101863e-01
9.013134901005027677e-01 9.868650989949719066e-02
5.251614080106010718e-01 4.748385919893988727e-01
5.533878619168699498e-01 4.466121380831300502e-01
9.609660066643984644e-01 3.903399333560152867e-02
6.437304319434034028e-01 3.562695680565966527e-01
1.777541768956923951e-01 8.222458231043076049e-01
4.034035784023768390e-01 5.965964215976231610e-01
9.172068480598942752e-01 8.279315194010573864e-02
3.915827573018828556e-01 6.084172426981171444e-01
9.785481904391721830e-01 2.145180956082784821e-02
6.582884150661343359e-01 3.417115849338657196e-01
4.955517813936470839e-01 5.044482186063529161e-01
6.287370289536333701e-01 3.712629710463666299e-01
8.311091877786689341e-01 1.688908122213310659e-01
8.222183168212007232e-01 1.777816831787992491e-01
8.779290066413271143e-01 1.220709933586728718e-01
8.449970959883206234e-01 1.550029040116794044e-01
1.438061565951505028e-01 8.561938434048494972e-01
3.142409513811477151e-01 6.857590486188522849e-01
9.010130443168766767e-01 9.898695568312329551e-02
4.425678109702229079e-01 5.574321890297770921e-01
4.999161810561001396e-01 5.000838189438998604e-01
5.970260501635785699e-01 4.029739498364214301e-01
6.614927901668397059e-01 3.385072098331602941e-01
5.594060739280711791e-01 4.405939260719288209e-01
8.613614298250863444e-01 1.386385701749136556e-01
6.228474606874984110e-01 3.771525393125015890e-01
8.376206163395167881e-01 1.623793836604831842e-01
5.239880573509763106e-01 4.760119426490236338e-01
2.024140414385530162e-01 7.975859585614469838e-01
9.621319477588341496e-02 9.037868052241165850e-01
1.930823929717482290e-01 8.069176070282517710e-01
6.515009656014489892e-01 3.484990343985509553e-01
7.177295415431217407e-01 2.822704584568782593e-01
5.811586849263257193e-01 4.188413150736742807e-01
2.594353084316197711e-01 7.405646915683802289e-01
6.744222359197353800e-01 3.255777640802645645e-01
4.921521049600184883e-01 5.078478950399815117e-01
6.867160248744459405e-01 3.132839751255540039e-01
6.788102753330778061e-01 3.211897246669221939e-01
6.480084221388220378e-01 3.519915778611779622e-01
8.252493900586550524e-01 1.747506099413449476e-01
8.543953291086163748e-01 1.456046708913836252e-01
8.973509881256482856e-01 1.026490118743517144e-01
7.332501625279941315e-01 2.667498374720058685e-01
7.391116788677274396e-01 2.608883211322725604e-01
6.520817003367456177e-01 3.479182996632543823e-01
3.826115176888543745e-01 6.173884823111456255e-01
3.680928027219865228e-02 9.631907197278013477e-01
8.107375143797300732e-01 1.892624856202699268e-01
5.063810213372156310e-01 4.936189786627843690e-01
4.227920443050998678e-01 5.772079556949001322e-01
7.506079599229472654e-01 2.493920400770527346e-01
7.345984859256112776e-01 2.654015140743887224e-01
7.719991906115937219e-01 2.280008093884062226e-01
3.183652075541821835e-01 6.816347924458178165e-01
2.912594041074949569e-01 7.087405958925050431e-01
3.000207838781600023e-01 6.999792161218399977e-01
2.414855259797195064e-01 7.585144740202804936e-01
5.327304776990658963e-01 4.672695223009341037e-01
8.223808406394330639e-01 1.776191593605668806e-01
3.488394682272271119e-01 6.511605317727728881e-01
3.725380524230401669e-01 6.274619475769598331e-01
4.040881433472401918e-01 5.959118566527598082e-01
4.689036789793508131e-01 5.310963210206491869e-01
4.461627861763534098e-01 5.538372138236465902e-01
3.861471636391105022e-01 6.138528363608894978e-01
1.701847269485320391e-01 8.298152730514679609e-01
7.233875316931919208e-01 2.766124683068080237e-01
3.321019356106335030e-01 6.678980643893664970e-01
6.234149511377581332e-01 3.765850488622418668e-01
2.393051854801810929e-01 7.606948145198189071e-01
7.926677072617038800e-02 9.207332292738296120e-01
2.646206581131126390e-01 7.353793418868873610e-01
9.471822904163971213e-01 5.281770958360289953e-02
6.810455667824520942e-01 3.189544332175479058e-01
5.793751564508242691e-01 4.206248435491757309e-01
3.988652772470582253e-01 6.011347227529417747e-01
9.165532388895796245e-01 8.344676111042036160e-02
3.907450819379886253e-01 6.092549180620113747e-01
2.311681581156063148e-01 7.688318418843936852e-01
1.390291410158184249e-01 8.609708589841815751e-01
9.522078482488453011e-01 4.779215175115473363e-02
3.219136888645074412e-01 6.780863111354925588e-01
5.046788113178823920e-01 4.953211886821176080e-01
7.323028403944070730e-01 2.676971596055929270e-01
4.574612632195053097e-01 5.425387367804946903e-01
5.598464250259042041e-01 4.401535749740957959e-01
5.107450107741517975e-01 4.892549892258482580e-01
1.458236760595811310e-01 8.541763239404188690e-01
1.638311574486128741e-01 8.361688425513871259e-01
7.936394579825184481e-01 2.063605420174815519e-01
6.122343473147274784e-01 3.877656526852725216e-01
7.282759024844741580e-01 2.717240975155258420e-01
4.302506085927225721e-01 5.697493914072774279e-01
7.397385192341672244e-01 2.602614807658327756e-01
8.526382003822936539e-01 1.473617996177062905e-01
7.367062189579268727e-01 2.632937810420731273e-01
3.877586579658273136e-01 6.122413420341726864e-01
7.563102126411294091e-01 2.436897873588705909e-01
4.921068950590875568e-01 5.078931049409124432e-01
5.667772768448582354e-01 4.332227231551418201e-01
8.861024973262983107e-01 1.138975026737016338e-01
2.271872107197018265e-01 7.728127892802981735e-01
9.978402164019676279e-01 2.159783598032402867e-03
3.308077526846355809e-01 6.691922473153644191e-01
4.388517449652432623e-01 5.611482550347567377e-01
2.656478434836486713e-01 7.343521565163513287e-01
8.367547102909759227e-01 1.632452897090240773e-01
5.151794938308035254e-01 4.848205061691964746e-01
4.181368461855278218e-01 5.818631538144721782e-01
4.836620244160878546e-01 5.163379755839121454e-01
8.036457259770677375e-01 1.963542740229322903e-01
8.682871673806300539e-01 1.317128326193699461e-01
3.918293426087035014e-01 6.081706573912964986e-01
4.353129083434076341e-01 5.646870916565923659e-01
9.085438406030751368e-01 9.145615939692490481e-02
3.745987049644247113e-01 6.254012950355752887e-01
8.492487934210547484e-01 1.507512065789452516e-01
4.000484688289046575e-01 5.999515311710953425e-01
5.504692285010885922e-01 4.495307714989114634e-01
7.374501396592187952e-01 2.625498603407812603e-01
2.505259358353976173e-01 7.494740641646023827e-01
8.092033007419385804e-02 9.190796699258061420e-01
2.190173194893195729e-01 7.809826805106804271e-01
5.614261440730697883e-01 4.385738559269302117e-01
8.267020194490171114e-01 1.732979805509828608e-01
2.561407087248346315e-01 7.438592912751653685e-01
8.498768506283223001e-01 1.501231493716776999e-01
3.480018121140697751e-01 6.519981878859302249e-01
5.403933522851510629e-01 4.596066477148489371e-01
2.536220039825178851e-01 7.463779960174821149e-01
5.912639327821064272e-01 4.087360672178935728e-01
6.053368727757109102e-01 3.946631272242890898e-01
9.119756570963184483e-01 8.802434290368157943e-02
5.967365031478268911e-01 4.032634968521731089e-01
4.425541005181959919e-01 5.574458994818040081e-01
8.564644989133768371e-01 1.435355010866231906e-01
5.419070066472970737e-01 4.580929933527029818e-01
8.592498376688909589e-01 1.407501623311090688e-01
8.762391511439414638e-01 1.237608488560585085e-01
6.894079962849152254e-01 3.105920037150847746e-01
9.351672611724611839e-01 6.483273882753881612e-02
8.474237838522193922e-01 1.525762161477806356e-01
8.091904184469755901e-01 1.908095815530243822e-01
2.530680865421820469e-01 7.469319134578179531e-01
1.378873010652743591e-01 8.621126989347256409e-01
9.279347115266189938e-01 7.206528847338099231e-02
7.691981469091091483e-01 2.308018530908908794e-01
3.688807026736601324e-01 6.311192973263398676e-01
3.416084963713884592e-01 6.583915036286115408e-01
4.131840050676433007e-01 5.868159949323566993e-01
8.120686269452717099e-01 1.879313730547282901e-01
7.816914449794041264e-01 2.183085550205959291e-01
5.242544034243863393e-01 4.757455965756136607e-01
5.264241451959992268e-01 4.735758548040008287e-01
7.759774626006489262e-01 2.240225373993511016e-01
4.422529783507186396e-01 5.577470216492813604e-01
2.649975946815197325e-01 7.350024053184802675e-01
6.031991911170110354e-01 3.968008088829889646e-01
3.963038861204420948e-01 6.036961138795579052e-01
7.530450734889078124e-01 2.469549265110922431e-01
7.993934749514827187e-01 2.006065250485172813e-01
7.033924920637377731e-01 2.966075079362622269e-01
5.808935807218129632e-01 4.191064192781870923e-01
6.391097229236797350e-01 3.608902770763202650e-01
8.230126077142347896e-01 1.769873922857652104e-01
4.545856253655236046e-01 5.454143746344763954e-01
7.487076127345000387e-01 2.512923872654999613e-01
2.831178460006569253e-01 7.168821539993430747e-01
5.695625108359396727e-01 4.304374891640603273e-01
6.989025601731109205e-01 3.010974398268891350e-01
1.409392083181535416e-01 8.590607916818464584e-01
8.792380979714597977e-01 1.207619020285402023e-01
3.088266426371598650e-01 6.911733573628401350e-01
3.071811257888897861e-01 6.928188742111102139e-01
1.632051994761064551e-01 8.367948005238935449e-01
6.181940454213119551e-01 3.818059545786880449e-01
1.560815666795465351e-01 8.439184333204534649e-01
6.817174560081250556e-01 3.182825439918749444e-01
4.573816457506070243e-01 5.426183542493929757e-01
6.952265358039106946e-01 3.047734641960892499e-01
7.050483511986029850e-01 2.949516488013970150e-01
5.782179948892128829e-01 4.217820051107871171e-01
6.475674765646859399e-01 3.524325234353140601e-01
6.618013733287747558e-01 3.381986266712252442e-01
2.250687772098068917e-01 7.749312227901931083e-01
4.680828400422160085e-01 5.319171599577839915e-01
1.769901531188358135e-01 8.230098468811641865e-01
5.424715424161221655e-01 4.575284575838778345e-01
5.074259268102434550e-01 4.925740731897564895e-01
5.254074688710179686e-01 4.745925311289820314e-01
8.409777489038727794e-01 1.590222510961272484e-01
3.050965394634851391e-01 6.949034605365148609e-01
3.719968391357418858e-01 6.280031608642581142e-01
3.442211675116020331e-01 6.557788324883979669e-01
7.697484418892492908e-01 2.302515581107506537e-01
4.130761326316537696e-01 5.869238673683462304e-01
7.260453626910323699e-01 2.739546373089675746e-01
7.147623843109185415e-01 2.852376156890814030e-01
7.315375326360491481e-01 2.684624673639509074e-01
5.419196012322551326e-01 4.580803987677448674e-01
6.394239676516302318e-01 3.605760323483697682e-01
7.683442731987779606e-01 2.316557268012220672e-01
4.430487298477612246e-01 5.569512701522387754e-01
2.734918794784293450e-01 7.265081205215706550e-01
8.967299603949069331e-01 1.032700396050930808e-01
1.635365745079275790e-01 8.364634254920724210e-01
8.440605324806285115e-01 1.559394675193714608e-01
6.822969561569347530e-01 3.177030438430651915e-01
9.542770033804803820e-01 4.572299661951960414e-02
5.495483656273255635e-01 4.504516343726744365e-01
3.028570491534279263e-01 6.971429508465720737e-01
7.361313750754594487e-01 2.638686249245406068e-01
6.999652469411443700e-01 3.000347530588556855e-01
5.651822543201284743e-01 4.348177456798715257e-01
1.919529324014569438e-01 8.080470675985430562e-01
4.020709124335020146e-02 9.597929087566497985e-01
7.363759406404170038e-01 2.636240593595829962e-01
5.775708495471438830e-01 4.224291504528560615e-01
6.381792473167917645e-01 3.618207526832082355e-01
6.048295846035112167e-01 3.951704153964887833e-01
4.921851939748461691e-01 5.078148060251538309e-01
3.535245339462425029e-01 6.464754660537574971e-01
4.384054311180524133e-01 5.615945688819475867e-01
8.459805417006783790e-01 1.540194582993216488e-01
7.782719580171389984e-01 2.217280419828610016e-01
4.441902856412551781e-01 5.558097143587448219e-01
6.518065737505276402e-01 3.481934262494724153e-01
5.115188283897329491e-01 4.884811716102671064e-01
9.186387458626618097e-01 8.136125413733817646e-02
5.946604028144759635e-01 4.053395971855239810e-01
3.441430342209866877e-01 6.558569657790133123e-01
8.270629324685184747e-01 1.729370675314814976e-01
2.477042900940770176e-01 7.522957099059229824e-01
5.002144527191838552e-01 4.997855472808160893e-01
2.360262512426939407e-01 7.639737487573060593e-01
6.574883220644915927e-01 3.425116779355084073e-01
2.740894585882859280e-01 7.259105414117140720e-01
3.985380137889833474e-01 6.014619862110166526e-01
5.875682889036486500e-01 4.124317110963512945e-01
8.285893752105721877e-02 9.171410624789427812e-01
5.230537682578914049e-01 4.769462317421085951e-01
7.633563744290750019e-01 2.366436255709249981e-01
2.987744366730631373e-01 7.012255633269368627e-01
3.278302289243046896e-01 6.721697710756953104e-01
3.882049151593248704e-01 6.117950848406751296e-01
3.038076420764134200e-01 6.961923579235865800e-01
5.987294743941427022e-01 4.012705256058572978e-01
6.525197921160970083e-01 3.474802078839029917e-01
5.623332093040773749e-01 4.376667906959226251e-01
1.564128809135441056e-01 8.435871190864558944e-01
6.351504415807723847e-01 3.648495584192276153e-01
6.159670321048562602e-01 3.840329678951437398e-01
5.682746065936712387e-01 4.317253934063287057e-01
8.877986763704595052e-01 1.122013236295404531e-01
5.327719525353558083e-01 4.672280474646441917e-01
6.246820809622517512e-01 3.753179190377481933e-01
2.900980386076160711e-01 7.099019613923839289e-01
2.335419155364375499e-01 7.664580844635624501e-01
5.558421616544624300e-01 4.441578383455375145e-01
3.066937929585631384e-01 6.933062070414368616e-01
5.244941589483032018e-01 4.755058410516968537e-01
7.943453795653956373e-01 2.056546204346043627e-01
8.465983546460078557e-01 1.534016453539920888e-01
9.407389731890511975e-01 5.926102681094880253e-02
4.341820536159186616e-01 5.658179463840813384e-01
8.074383855620429484e-01 1.925616144379570793e-01
7.202382353789773539e-01 2.797617646210227016e-01
7.009224170118000252e-01 2.990775829882000303e-01
1.140953951228922403e-01 8.859046048771077597e-01
5.219347641633422796e-01 4.780652358366576649e-01
1.182002714271367383e-01 8.817997285728632617e-01
8.250658528767533806e-01 1.749341471232465639e-01
8.176324671322728888e-01 1.823675328677270835e-01
6.309617959139347532e-01 3.690382040860652468e-01
3.393607134623407573e-01 6.606392865376592427e-01
3.581813026877918027e-01 6.418186973122081973e-01
7.946469157968464314e-01 2.053530842031535963e-01
4.772043191499535375e-01 5.227956808500464625e-01
2.213097861914067321e-01 7.786902138085932679e-01
4.759171471055545499e-02 9.524082852894445450e-01
5.428909653834690374e-01 4.571090346165309071e-01
3.140256534221402829e-01 6.859743465778597171e-01
3.577398003739838961e-01 6.422601996260161039e-01
6.264158494098341912e-01 3.735841505901657533e-01
6.761313686711065696e-01 3.238686313288934859e-01
1.595798541021727912e-01 8.404201458978272088e-01
6.173844993661397051e-01 3.826155006338603504e-01
5.754170052576597083e-01 4.245829947423402917e-01
3.858691682152962654e-01 6.141308317847037346e-01
7.687350374699115640e-01 2.312649625300884637e-01
1.601650266680952894e-01 8.398349733319047106e-01
4.262184738293330888e-01 5.737815261706669112e-01
2.125296170596535639e-01 7.874703829403464361e-01
7.492794919441497781e-01 2.507205080558502219e-01
3.350532074092087420e-01 6.649467925907912580e-01
7.815948893623910765e-01 2.184051106376088958e-01
6.056385966243329477e-01 3.943614033756669968e-01
5.566344899366704180e-01 4.433655100633295265e-01
6.663377263184091515e-01 3.336622736815907930e-01
7.329419134091461618e-01 2.670580865908538382e-01
8.259148041735503432e-01 1.740851958264496568e-01
9.181028764283097887e-01 8.189712357169021129e-02
3.551789193787839860e-01 6.448210806212160140e-01
3.907225252310418950e-01 6.092774747689581050e-01
7.995174348084188587e-01 2.004825651915810858e-01
6.262477053423749496e-01 3.737522946576250504e-01
3.847611475271954795e-01 6.152388524728045205e-01
6.719354738885161549e-01 3.280645261114838451e-01
7.244641118475467767e-01 2.755358881524531678e-01
6.699417440034975968e-01 3.300582559965024032e-01
8.024163526857993611e-01 1.975836473142006111e-01
9.079380764875321086e-01 9.206192351246786365e-02
8.348829523658468643e-01 1.651170476341531079e-01
2.957596399604941473e-01 7.042403600395058527e-01
1.853452210963222324e-01 8.146547789036777676e-01
5.197465565851380198e-01 4.802534434148620357e-01
3.872315414184847038e-01 6.127684585815152962e-01
6.691493830113224295e-01 3.308506169886776260e-01
7.232801872675360677e-01 2.767198127324639878e-01
4.113637117908471863e-01 5.886362882091528137e-01
5.050787559522025294e-01 4.949212440477975261e-01
3.631022062402814443e-01 6.368977937597185557e-01
6.689577240704457362e-01 3.310422759295542638e-01
6.873335416567316614e-01 3.126664583432683386e-01
7.381016485215060596e-01 2.618983514784939404e-01
2.451488409989945882e-01 7.548511590010054118e-01
5.727537861756819559e-01 4.272462138243180996e-01
3.229567963474367920e-01 6.770432036525632080e-01
7.762347335276646998e-01 2.237652664723353002e-01
8.065624552289716309e-01 1.934375447710283691e-01
5.072414144969399352e-01 4.927585855030601203e-01
7.130564615891807900e-01 2.869435384108192655e-01
7.105159236199527495e-01 2.894840763800473060e-01
5.418212626586573766e-01 4.581787373413426234e-01
4.997337142021968104e-01 5.002662857978031896e-01
3.438017819834285893e-01 6.561982180165714107e-01
6.125132748841513042e-01 3.874867251158486403e-01
1.889762191757821119e-01 8.110237808242178881e-01
5.761273448425363597e-01 4.238726551574636958e-01
6.107076407282300279e-01 3.892923592717699721e-01
9.372924908112544307e-01 6.270750918874558322e-02
5.623062482046048416e-01 4.376937517953951029e-01
6.610495813677480514e-01 3.389504186322519486e-01
4.587158917805325142e-01 5.412841082194674858e-01
9.561436328161203591e-01 4.385636718387966176e-02
4.059648178256484163e-01 5.940351821743515837e-01
1.541834215161022037e-01 8.458165784838977963e-01
6.361006055467341991e-01 3.638993944532657454e-01
4.874737548321939062e-01 5.125262451678060938e-01
5.152439051795469904e-01 4.847560948204530651e-01
4.234620991919572086e-01 5.765379008080427914e-01
7.673493707343083114e-01 2.326506292656917163e-01
2.612586038957582790e-01 7.387413961042417210e-01
1.549363741083118473e-01 8.450636258916881527e-01
9.096435529718890356e-01 9.035644702811093665e-02
8.556147833447442785e-01 1.443852166552557770e-01
3.182185009740888804e-01 6.817814990259111196e-01
7.412795574779773577e-01 2.587204425220226423e-01
8.289730842069245043e-01 1.710269157930754402e-01
7.993648560491852795e-01 2.006351439508146928e-01
7.067488311171543636e-01 2.932511688828456919e-01
9.476452355226031576e-01 5.235476447739680073e-02
3.156910026710010309e-01 6.843089973289989691e-01
6.613332848996205104e-01 3.386667151003794896e-01
7.242283207007371715e-01 2.757716792992628285e-01
5.748276435156518538e-02 9.425172356484348146e-01
8.708413727255857051e-01 1.291586272744142672e-01
6.934281081901705335e-02 9.306571891809829467e-01
1.817220718221990161e-01 8.182779281778009839e-01
5.294299692506221344e-01 4.705700307493778656e-01
3.463663140151607145e-01 6.536336859848392855e-01
3.264944761845747223e-01 6.735055238154252777e-01
6.676128863669570368e-01 3.323871136330429077e-01
8.297790729623741868e-01 1.702209270376258132e-01
8.199305169022341744e-01 1.800694830977657979e-01
5.136634733533844699e-01 4.863365266466155301e-01
8.792793692721612153e-01 1.207206307278387986e-01
2.376976787259242885e-01 7.623023212740757115e-01
4.858388339129927624e-01 5.141611660870072376e-01
8.086007922323958930e-01 1.913992077676041070e-01
6.456115857211455200e-01 3.543884142788545355e-01
7.842346800902628701e-01 2.157653199097370744e-01
5.949585202565719211e-01 4.050414797434280234e-01
1.896210938902239684e-01 8.103789061097760316e-01
7.603257494454249699e-01 2.396742505545750579e-01
5.482113925762290840e-01 4.517886074237709160e-01
3.541411612045327617e-01 6.458588387954672383e-01
6.481883550671159178e-01 3.518116449328840822e-01
6.013295591249265826e-01 3.986704408750734174e-01
5.962224157987421336e-01 4.037775842012579219e-01
8.520784968155415973e-01 1.479215031844583750e-01
7.565979748337385846e-01 2.434020251662613876e-01
5.043377008981793086e-01 4.956622991018206359e-01
1.801090046722914062e-01 8.198909953277085938e-01
4.904253629524383262e-01 5.095746370475616738e-01
7.285615822888436011e-01 2.714384177111563989e-01
5.814403315468674727e-01 4.185596684531325828e-01
3.724196759355044017e-01 6.275803240644955983e-01
4.892891387342216403e-01 5.107108612657783597e-01
3.354573173321077073e-01 6.645426826678922927e-01
5.003838442622109417e-01 4.996161557377890583e-01
6.527759412131839412e-01 3.472240587868160033e-01
5.772225781990023563e-01 4.227774218009975882e-01
7.613221538785285292e-01 2.386778461214714708e-01
2.679169760587833959e-01 7.320830239412166041e-01
6.570975790083117829e-01 3.429024209916881616e-01
6.416294496581849138e-01 3.583705503418150862e-01
8.825014157347336186e-01 1.174985842652663953e-01
4.494308063154907051e-01 5.505691936845092949e-01
8.542523706665107186e-01 1.457476293334893092e-01
3.617111275901644385e-01 6.382888724098355615e-01
7.567385373742255839e-01 2.432614626257744161e-01
6.991426027975866653e-01 3.008573972024133902e-01
9.474221127435145107e-02 9.052577887256485489e-01
5.866205766329617433e-01 4.133794233670382012e-01
5.730407307077113321e-01 4.269592692922886679e-01
8.626055732788524555e-01 1.373944267211475723e-01
2.453559827240180402e-01 7.546440172759819598e-01
6.516174554418796561e-02 9.348382544558120344e-01
5.334264853825957386e-01 4.665735146174042614e-01
9.389507829442514941e-01 6.104921705574846424e-02
8.151336483882789530e-01 1.848663516117211025e-01
5.748283935571850689e-01 4.251716064428149311e-01
8.431001363828597439e-01 1.568998636171402561e-01
7.094708762015223824e-01 2.905291237984776176e-01
7.149598664567300421e-01 2.850401335432700134e-01
6.952779732028104842e-01 3.047220267971895158e-01
1.359284634379454015e-01 8.640715365620545985e-01
3.538973129242273252e-01 6.461026870757726748e-01
2.634921383313456600e-01 7.365078616686543400e-01
4.122521126493510213e-01 5.877478873506489787e-01
5.686638824571210726e-01 4.313361175428789829e-01
3.090084233675092218e-01 6.909915766324907782e-01
8.412255752003396925e-01 1.587744247996603630e-01
3.278424782482521893e-01 6.721575217517478107e-01
5.565926046320093246e-01 4.434073953679906199e-01
8.024840815257627824e-01 1.975159184742372454e-01
4.287591891022471957e-01 5.712408108977528043e-01
8.071065955051965890e-01 1.928934044948034110e-01
5.573248740966909587e-01 4.426751259033089858e-01
3.292759191940216601e-01 6.707240808059783399e-01
5.715675578912526866e-01 4.284324421087472579e-01
5.282384439329766979e-01 4.717615560670233021e-01
3.612620036518839894e-01 6.387379963481160106e-01
1.819391519600622731e-01 8.180608480399377269e-01
7.801367111828334533e-01 2.198632888171665190e-01
6.136746164952263660e-01 3.863253835047736340e-01
5.575491909598112583e-01 4.424508090401887417e-01
9.325949828890949256e-01 6.740501711090501891e-02
2.907925687852233043e-01 7.092074312147766957e-01
9.180276479350351071e-01 8.197235206496493454e-02
9.899177088295025850e-01 1.008229117049736639e-02
6.492283496453609137e-01 3.507716503546390863e-01
9.483003667033615969e-01 5.169963329663836843e-02
3.325116869894226834e-01 6.674883130105773166e-01
9.336238950837041362e-01 6.637610491629583609e-02
5.900954918924546933e-01 4.099045081075453067e-01
4.242978271181893080e-01 5.757021728818106920e-01
1.289372644932323952e-01 8.710627355067676048e-01
2.187902441374458551e-01 7.812097558625541449e-01
8.587885850304598501e-01 1.412114149695401222e-01
8.367606041033877062e-01 1.632393958966122383e-01
5.027066630782059953e-01 4.972933369217940047e-01
2.394556147577915350e-01 7.605443852422084650e-01
5.152570736063082357e-01 4.847429263936917643e-01
7.726989180818022440e-01 2.273010819181977282e-01
4.805810347254357850e-01 5.194189652745642150e-01
8.360235875624904001e-01 1.639764124375095722e-01
3.916838668120720124e-01 6.083161331879279876e-01
3.643739174317589535e-01 6.356260825682410465e-01
5.895999030499040616e-01 4.104000969500959384e-01
2.739489816986547810e-01 7.260510183013452190e-01
2.030421093976279012e-01 7.969578906023720988e-01
2.293451105541041146e-01 7.706548894458958854e-01
7.172358044578327485e-01 2.827641955421672515e-01
4.365240945658204197e-01 5.634759054341795803e-01
5.727817874114335961e-01 4.272182125885663484e-01
2.038069680936012151e-01 7.961930319063987849e-01
6.428795127960966749e-01 3.571204872039032696e-01
6.454864149401084994e-01 3.545135850598914451e-01
5.956847477729343421e-02 9.404315252227065658e-01
9.009774736492288660e-01 9.902252635077114784e-02
3.739989981839945132e-01 6.260010018160054868e-01
6.027703549246792303e-01 3.972296450753208252e-01
8.393575169440559147e-02 9.160642483055944085e-01
7.425131252985266439e-01 2.574868747014733561e-01
6.120644095216833946e-01 3.879355904783166054e-01
5.623828299696809196e-01 4.376171700303190248e-01
6.204341062141174312e-01 3.795658937858826243e-01
3.625831816755477055e-01 6.374168183244522945e-01
4.589299679281271249e-01 5.410700320718728751e-01
7.117470305568109890e-01 2.882529694431890666e-01
7.336479074275061851e-01 2.663520925724938704e-01
7.326638348925842426e-01 2.673361651074157019e-01
9.139112491389095316e-01 8.608875086109046837e-02
6.359617754169523129e-01 3.640382245830476871e-01
5.834727691919092685e-01 4.165272308080907315e-01
3.956605967493153075e-01 6.043394032506846925e-01
6.152808405107819123e-01 3.847191594892180322e-01
5.204041831298611420e-01 4.795958168701388580e-01
7.449145484262655881e-01 2.550854515737344119e-01
9.981492206129083389e-02 9.001850779387091661e-01
1.170365929705774466e-01 8.829634070294225534e-01
9.795146265501097904e-02 9.020485373449890210e-01
5.187601869570214186e-01 4.812398130429785814e-01
7.135565148610671926e-01 2.864434851389327519e-01
7.462178109585140273e-01 2.537821890414860282e-01
6.796009721175546581e-01 3.203990278824453974e-01
3.535420898357017894e-01 6.464579101642982106e-01
6.129892471132727394e-01 3.870107528867272606e-01
5.032264586161061537e-01 4.967735413838937908e-01
1.766604438633655461e-01 8.233395561366344539e-01
3.032640562045835209e-01 6.967359437954164791e-01
1.430117931999929093e-01 8.569882068000070907e-01
3.486950581203137611e-01 6.513049418796862389e-01
8.481832510300002514e-01 1.518167489699997208e-01
8.217666821806115518e-01 1.782333178193884204e-01
4.606413886477767061e-01 5.393586113522232939e-01
2.061134403990915187e-01 7.938865596009084813e-01
8.140309903741340669e-01 1.859690096258658776e-01
8.836639614667139986e-01 1.163360385332860292e-01
7.267123205425611854e-01 2.732876794574388701e-01
5.523730478539627953e-01 4.476269521460372602e-01
7.513753347186998832e-01 2.486246652813000890e-01
2.002256853643026302e-01 7.997743146356973698e-01
6.506294441536646378e-01 3.493705558463354177e-01
3.668430361133711015e-01 6.331569638866288985e-01
3.065415696351351249e-01 6.934584303648648751e-01
7.033612744016276563e-01 2.966387255983723437e-01
4.585232688672365997e-01 5.414767311327634003e-01
5.165897137531141325e-01 4.834102862468859230e-01
3.699485794994532561e-01 6.300514205005467439e-01
3.704317910996285379e-01 6.295682089003714621e-01
7.500854740854052682e-01 2.499145259145947318e-01
6.338998893640315213e-01 3.661001106359684232e-01
6.600695553574176255e-01 3.399304446425823745e-01
9.946339158562320648e-01 5.366084143767919576e-03
2.134984587745354379e-01 7.865015412254645621e-01
3.723500722806193375e-01 6.276499277193806625e-01
7.927379087022832227e-01 2.072620912977167218e-01
3.850421419108048804e-01 6.149578580891951196e-01
3.919896074052577895e-01 6.080103925947422105e-01
9.923114358998277318e-01 7.688564100172237854e-03
5.766184621584165004e-01 4.233815378415834996e-01
3.668794356383786592e-01 6.331205643616213408e-01
5.350423293109833889e-01 4.649576706890166666e-01
4.214996328309530416e-01 5.785003671690469584e-01
9.786517797491522952e-02 9.021348220250847705e-01
8.349190407228642696e-01 1.650809592771357581e-01
3.888633442978890464e-01 6.111366557021109536e-01
5.807216175819986947e-01 4.192783824180013053e-01
2.308786201097248192e-01 7.691213798902751808e-01
7.276232597199694396e-01 2.723767402800305049e-01
7.612575549168644207e-01 2.387424450831356071e-01
3.763523459819643202e-01 6.236476540180356798e-01
8.953357599989851812e-01 1.046642400010147772e-01
7.050506020200197899e-01 2.949493979799802101e-01
2.440267399144570026e-01 7.559732600855429974e-01
1.674995603256106413e-01 8.325004396743893587e-01
6.255155033579584689e-01 3.744844966420414756e-01
8.528527014131203066e-01 1.471472985868797212e-01
3.192089799500199554e-01 6.807910200499800446e-01
1.857540011292454496e-01 8.142459988707545504e-01
5.872577277454542610e-01 4.127422722545457390e-01
3.017001305542972300e-01 6.982998694457027700e-01
8.064769769444333214e-01 1.935230230555666786e-01
3.240123029891820439e-01 6.759876970108179561e-01
5.273815971431701222e-01 4.726184028568298223e-01
6.208181169626880713e-02 9.379181883037311929e-01
6.438702171442158839e-01 3.561297828557841716e-01
2.194432386007125757e-01 7.805567613992874243e-01
8.908691042702376883e-01 1.091308957297623394e-01
4.547112978890703872e-01 5.452887021109296128e-01
9.771252554376198551e-01 2.287474456238016568e-02
4.414837291477977654e-01 5.585162708522022346e-01
5.039690074890526006e-01 4.960309925109473439e-01
3.502084057683980678e-01 6.497915942316019322e-01
1.668753669020990316e-01 8.331246330979009684e-01
6.288797235504399730e-01 3.711202764495599715e-01
6.239897161673240156e-01 3.760102838326759844e-01
7.341087120687137535e-01 2.658912879312862465e-01
4.017304993741133146e-01 5.982695006258866854e-01
3.285458551759657952e-01 6.714541448240342048e-01
7.254166478529977535e-01 2.745833521470023020e-01
5.552004995161988754e-01 4.447995004838011246e-01
6.585060905974506884e-01 3.414939094025492561e-01
7.870079067566586595e-01 2.129920932433413128e-01
7.609948257608903921e-01 2.390051742391095801e-01
7.557911610373928557e-01 2.442088389626071998e-01
6.502363443774130669e-01 3.497636556225869331e-01
6.153832976986877146e-01 3.846167023013123409e-01
3.269844328718570781e-01 6.730155671281429219e-01
4.618947554641952280e-01 5.381052445358047720e-01
2.870981636530398617e-01 7.129018363469601383e-01
8.028514781910420783e-01 1.971485218089579217e-01
3.237522864703163972e-01 6.762477135296836028e-01
7.042948442746916893e-01 2.957051557253082552e-01
8.770090926554610089e-01 1.229909073445390189e-01
4.752861291390617637e-01 5.247138708609382363e-01
7.228581575607891940e-01 2.771418424392108060e-01
4.864333131304235947e-01 5.135666868695764053e-01
1.478716822632962780e-01 8.521283177367037220e-01
3.829197285767115266e-01 6.170802714232884734e-01
4.002106547443048390e-01 5.997893452556951610e-01
3.625490315224733084e-01 6.374509684775266916e-01
8.867250365618221108e-01 1.132749634381778614e-01
6.602817591634626559e-01 3.397182408365373996e-01
7.906264250880022937e-01 2.093735749119977063e-01
3.575668172136537981e-01 6.424331827863462019e-01
6.009842484295730980e-01 3.990157515704269575e-01
2.677776616249034625e-01 7.322223383750965375e-01
2.377418399218990119e-01 7.622581600781009881e-01
6.360270952220878904e-01 3.639729047779120541e-01
5.519631582032968886e-01 4.480368417967031114e-01
5.119767529602528011e-01 4.880232470397471989e-01
2.649785509091812097e-01 7.350214490908187903e-01
9.143468067927404963e-01 8.565319320725954533e-02
2.980807938954026515e-01 7.019192061045973485e-01
3.871087889137133642e-01 6.128912110862866358e-01
7.001585132491836561e-01 2.998414867508163439e-01
1.923011231981033298e-01 8.076988768018966702e-01
7.037463736880975596e-01 2.962536263119024404e-01
7.051989854061597729e-01 2.948010145938402271e-01
5.305052757070987113e-01 4.694947242929013442e-01
1.767778656713477892e-01 8.232221343286522108e-01
4.775994053322653032e-01 5.224005946677346968e-01
3.246170947547933894e-01 6.753829052452066106e-01
1.960507390333127153e-01 8.039492609666872847e-01
8.346169971579053826e-01 1.653830028420946729e-01
1.955582205572438115e-01 8.044417794427561885e-01
5.469833586548784599e-01 4.530166413451215957e-01
3.403312105356847139e-01 6.596687894643152861e-01
7.079392703696234523e-01 2.920607296303764921e-01
2.892467710375119516e-01 7.107532289624880484e-01
4.305119791284121034e-01 5.694880208715878966e-01
3.990348325627951498e-01 6.009651674372048502e-01
6.386685705789493239e-01 3.613314294210506761e-01
3.938500603131795952e-01 6.061499396868204048e-01
8.322367503687950752e-01 1.677632496312048693e-01
8.093119256453509269e-01 1.906880743546490453e-01
3.657885326788445912e-01 6.342114673211554088e-01
5.977604879452163011e-01 4.022395120547836433e-01
5.162884328213607210e-01 4.837115671786392790e-01
6.903189077547169372e-01 3.096810922452830628e-01
5.126716940266535794e-01 4.873283059733464206e-01
1.739677736545497400e-01 8.260322263454502600e-01
2.809876383464923189e-01 7.190123616535076811e-01
6.284538348755623893e-01 3.715461651244376107e-01
6.435601386108208422e-01 3.564398613891791578e-01
1.939569376761997033e-01 8.060430623238002967e-01
5.925885749185075824e-01 4.074114250814923621e-01
3.699451514311247191e-01 6.300548485688752809e-01
2.408586486243806668e-01 7.591413513756193332e-01
6.097318706730345816e-01 3.902681293269653628e-01
1.225510233471308608e-01 8.774489766528691392e-01
9.305825655157866638e-01 6.941743448421335005e-02
3.206504937991224713e-01 6.793495062008775287e-01
7.904685129744775107e-01 2.095314870255225170e-01
6.216668562038418777e-01 3.783331437961581778e-01
6.507277204488712830e-01 3.492722795511286615e-01
5.117664617435104812e-01 4.882335382564894632e-01
3.785744205532026729e-01 6.214255794467973271e-01
9.081845466316005311e-01 9.181545336839949667e-02
8.419727514848784899e-02 9.158027248515121510e-01
3.975166729702448443e-01 6.024833270297551557e-01
3.968230156190308833e-01 6.031769843809691167e-01
4.674557413133690886e-01 5.325442586866309114e-01
6.459766822894346117e-01 3.540233177105653328e-01
8.656224808704260365e-02 9.134377519129573963e-01
9.992225938337172542e-01 7.774061662827851929e-04
5.350436977517163406e-01 4.649563022482837149e-01
4.951032845200827870e-01 5.048967154799172130e-01
9.254878005314682854e-01 7.451219946853175624e-02
5.210775215324103815e-01 4.789224784675895630e-01
6.673257490101480727e-02 9.332674250989851927e-01
4.554365468953316398e-01 5.445634531046683602e-01
5.899073125558180752e-01 4.100926874441819248e-01
8.976557951806566349e-01 1.023442048193434067e-01
8.835604596736807981e-01 1.164395403263191880e-01
8.646903898768142360e-01 1.353096101231857362e-01
4.549893018804322953e-01 5.450106981195677047e-01
9.018976271300886971e-01 9.810237286991133066e-02
9.065023260898223967e-01 9.349767391017760332e-02
3.880338957403498545e-01 6.119661042596501455e-01
9.125311065651333653e-01 8.746889343486660695e-02
8.246733283007410265e-01 1.753266716992589458e-01
8.101053200183272462e-01 1.898946799816726982e-01
2.838765171544335164e-01 7.161234828455664836e-01
1.742893180318990654e-01 8.257106819681009346e-01
6.773708688515284182e-01 3.226291311484715818e-01
1.409366140173838877e-01 8.590633859826161123e-01
4.713136984543438990e-01 5.286863015456561010e-01
5.822168897084984973e-01 4.177831102915015582e-01
3.774509984559504261e-01 6.225490015440495739e-01
7.560155650122009074e-01 2.439844349877990648e-01
3.027933771098061388e-01 6.972066228901938612e-01
4.398688966504125109e-01 5.601311033495874891e-01
8.668163631907847000e-01 1.331836368092152723e-01
5.738529102562714979e-01 4.261470897437285021e-01
7.632092001077184218e-02 9.236790799892281578e-01
5.806416458560067495e-01 4.193583541439932505e-01
2.978090266116922846e-01 7.021909733883077154e-01
5.445158261816112066e-01 4.554841738183888489e-01
7.342566845336431225e-01 2.657433154663568775e-01
9.976693828170571932e-01 2.330617182942752632e-03
4.002726224064315774e-01 5.997273775935684226e-01
1.059499201069479257e-01 8.940500798930520743e-01
6.690398440042339967e-01 3.309601559957660588e-01
3.377902211427360468e-01 6.622097788572639532e-01
8.916186115020071634e-01 1.083813884979928782e-01
6.860190605665252850e-01 3.139809394334746595e-01
9.132975264576231877e-01 8.670247354237685389e-02
2.588125755628098990e-01 7.411874244371901010e-01
7.764138143336614117e-01 2.235861856663386160e-01
3.432545379801948959e-01 6.567454620198051041e-01
8.765559641942655134e-01 1.234440358057345144e-01
4.450569033681328612e-01 5.549430966318671388e-01
8.087469902890029871e-01 1.912530097109970129e-01
2.235511580261068110e-01 7.764488419738931890e-01
8.999832392092458333e-01 1.000167607907541806e-01
1.828944179216627219e-01 8.171055820783372781e-01
9.341602669423676453e-01 6.583973305763239636e-02
6.758918748923349318e-01 3.241081251076650682e-01
7.583192336053139471e-01 2.416807663946860807e-01
2.666798900061227995e-01 7.333201099938772005e-01
6.928641009639013859e-01 3.071358990360985586e-01
3.435602355547184850e-02 9.656439764445281515e-01
5.917729705378238503e-01 4.082270294621761497e-01
3.148587896841684719e-01 6.851412103158315281e-01
7.443823546228583998e-01 2.556176453771416002e-01
6.540888100693422746e-01 3.459111899306577809e-01
7.022577210583615948e-01 2.977422789416383497e-01
1.629476477393693168e-01 8.370523522606306832e-01
8.509259191869422700e-01 1.490740808130577300e-01
6.018162132065201231e-01 3.981837867934799324e-01
3.229143076434717319e-01 6.770856923565282681e-01
8.135882507252382156e-01 1.864117492747617844e-01
4.088300652426535287e-01 5.911699347573464713e-01
6.820318371068050389e-01 3.179681628931949611e-01
8.716921850726515597e-01 1.283078149273484403e-01
9.245332931089617068e-01 7.546670689103825158e-02
6.436257367025186582e-01 3.563742632974813973e-01
7.089371115290992176e-01 2.910628884709007269e-01
1.360246254175201397e-01 8.639753745824798603e-01
9.554191402225548080e-01 4.458085977744520589e-02
8.459007578785959769e-01 1.540992421214040786e-01
8.961305403579271633e-01 1.038694596420727950e-01
5.930888917476706546e-01 4.069111082523292899e-01
2.811657120162769363e-01 7.188342879837230637e-01
5.818145539183507964e-01 4.181854460816492036e-01
6.969262447331145971e-01 3.030737552668853474e-01
4.490359334357038046e-01 5.509640665642961954e-01
8.896844052760816135e-01 1.103155947239183587e-01
7.189595125951572241e-01 2.810404874048427759e-01
3.731775722241923443e-01 6.268224277758076557e-01
7.514070144801220374e-01 2.485929855198779348e-01
4.620765801010537910e-01 5.379234198989462090e-01
4.307534672148938260e-01 5.692465327851061740e-01
4.973612883151220521e-01 5.026387116848779479e-01
3.208693022540652917e-01 6.791306977459347083e-01
3.066957493625589448e-01 6.933042506374410552e-01
6.708033983851200421e-01 3.291966016148799579e-01
8.299383313414574470e-01 1.700616686585425252e-01
4.778278456613513914e-01 5.221721543386486086e-01
3.661926709393839019e-01 6.338073290606160981e-01
4.269467733359684214e-01 5.730532266640315786e-01
2.898030691306269224e-01 7.101969308693730776e-01
3.813483974931332066e-01 6.186516025068667934e-01
1.864452255848574325e-01 8.135547744151425675e-01
5.945425361607483694e-01 4.054574638392516861e-01
7.231605856032798929e-01 2.768394143967200516e-01
6.091016670661990595e-01 3.908983329338009405e-01
5.324039621861796912e-01 4.675960378138203088e-01
7.295144096491137375e-01 2.704855903508862069e-01
5.480351169695505398e-01 4.519648830304495157e-01
8.575783840235720046e-01 1.424216159764279399e-01
5.133786654409455696e-01 4.866213345590544304e-01
2.653562520550312165e-01 7.346437479449687835e-01
5.803837842155623594e-01 4.196162157844375851e-01
8.041432928624613341e-01 1.958567071375386381e-01
3.441555324307318253e-01 6.558444675692681747e-01
9.089879250921520937e-01 9.101207490784787857e-02
6.191267156394260063e-01 3.808732843605739937e-01
3.197084988182556931e-01 6.802915011817443069e-01
4.970142160278403498e-01 5.029857839721596502e-01
1.434425462376645033e-01 8.565574537623354967e-01
3.714164533899936282e-01 6.285835466100063718e-01
5.365343759644125576e-01 4.634656240355874979e-01
4.358466430342190501e-01 5.641533569657809499e-01
8.505008851000306347e-01 1.494991148999693931e-01
3.354966121469385998e-01 6.645033878530614002e-01
3.531639414928404719e-01 6.468360585071595281e-01
6.135233127407521136e-01 3.864766872592478864e-01
4.990562912180638300e-01 5.009437087819361700e-01
8.128702713140325553e-01 1.871297286859674169e-01
5.942334425495543471e-01 4.057665574504457084e-01
8.656584013605368444e-01 1.343415986394631834e-01
5.510676547810365866e-01 4.489323452189634134e-01
3.947044016486107587e-01 6.052955983513892413e-01
9.770412128629449855e-01 2.295878713705506655e-02
5.261609731463705586e-01 4.738390268536293859e-01
6.445687650163851590e-01 3.554312349836148965e-01
5.518632803676799536e-01 4.481367196323199908e-01
5.075803030600367638e-02 9.492419696939963236e-01
8.053574440738228146e-01 1.946425559261772131e-01
3.360463712602133057e-01 6.639536287397866943e-01
2.962331605046736316e-01 7.037668394953263684e-01
7.238596629531430793e-01 2.761403370468569762e-01
3.040801444467606807e-01 6.959198555532393193e-01
6.971880569230166635e-01 3.028119430769833920e-01
5.698025089587275271e-01 4.301974910412724173e-01
4.018617191827743573e-01 5.981382808172256427e-01
2.728758305192655609e-01 7.271241694807344391e-01
3.543420265239854983e-01 6.456579734760145017e-01
3.778980206194252345e-01 6.221019793805747655e-01
6.000599395545186399e-01 3.999400604454813601e-01
2.189843667686978135e-01 7.810156332313021865e-01
8.756090627270157745e-01 1.243909372729842672e-01
5.229109186071627668e-01 4.770890813928371776e-01
6.936523188524233996e-01 3.063476811475766004e-01
6.988186297634861877e-01 3.011813702365137568e-01
7.602020813057273063e-01 2.397979186942727492e-01
4.732601693061454506e-01 5.267398306938545494e-01
6.237489263426171382e-01 3.762510736573828618e-01
2.191930306794366290e-01 7.808069693205633710e-01
